# geneticDistance

  gen                   avg                                 stdDev                              median                              max                                 total

  0                  17.244444444444447                   0.949073622402783                  17.222222222222221                  18.333333333333332                 172.444444444444485
  1                  13.466666666666665                   2.018922827330468                  12.888888888888889                  16.111111111111111                 134.666666666666657
  2                  12.777777777777777                   2.015373016357451                  12.000000000000000                  17.777777777777779                 127.777777777777771
  3                  11.666666666666668                   1.825741858350554                  10.666666666666666                  14.000000000000000                 116.666666666666686
  4                   8.444444444444443                   3.948120352900562                   6.222222222222222                  15.888888888888889                  84.444444444444429
  5                   5.866666666666665                   3.794017382832420                   3.888888888888889                  13.444444444444445                  58.666666666666657
  6                   1.577777777777778                   0.203670030886926                   1.444444444444444                   1.888888888888889                  15.777777777777779
  7                   1.422222222222222                   0.435464843161454                   1.111111111111111                   2.222222222222222                  14.222222222222220