# score

  gen                   avg                                 stdDev                              median                              max                                 total

  0                 305.636666666666656                 354.768051204664744                 298.799999999999898                1205.450000000000500                3056.366666666666788
  1                 194.680000000000007                 210.757229057510642                 176.333333333333314                 542.400000000000091                1946.800000000000182
  2                 273.433333333333394                 275.488074757027221                 285.199999999999989                 825.600000000000364                2734.333333333333940
  3                 468.253333333333558                 319.223726213729151                 353.600000000000080                 864.000000000000455                4682.533333333335577
  4                 614.246666666667011                 283.768043068043141                 793.600000000000591                 864.000000000000455                6142.466666666669880
  5                 715.986666666666906                 265.206342810021738                 864.000000000000455                 864.000000000000455                7159.866666666668607
  6                 819.120000000000459                  68.555332396539427                 864.000000000000455                 864.000000000000455                8191.200000000004366
  7                 834.080000000000268                  59.840000000000053                 864.000000000000455                 864.000000000000455                8340.800000000002910